00000000000000000000000000000000
00000000000000000000000000000000
00000000001000001000000000000000
00000000000011110000000000000000
00000000101111111100000000000000
00000000011100001110000000000000
00000000110011110110000000000000
00000010111100001011010000000000
00000010110100000011010000000000
00000010110100000001100000000000
00000000110000000001100000000000
00000000000000000001100000000000
00000000000000000011010000000000
00000000000000010111000000000000
00000000000000001110000000000000
00000000000010011101000000000000
00000000010001111000000000000000
00000001000111100110000000000000
00000000111110000000111110000000
00000111111111111111111110000000
00000011111111111111000000000000
00000000000000000000011100000000
00000001111111111000000000000000
00000000000000000000000000000000
00000000000000000000000000000000
00000000000000000000000000000000
00000000000000000000000000000000
00000000000000000000000000000000
00000000000000000000000000000000
00000000000000000000000000000000
00000000000000000000000000000000
00000000000000000000000000000000
